8298363286|71447627|🍫|10
8298363286|71447627|☕|10
8298363286|71447627|🍿|10
8298363286|71447627|🍦|10
8298363286|71447628|🍫|30
8298363286|71447628|☕|30
8298363286|71447628|🍿|30
8298363286|71447628|🍦|30
8298363286|71447628|🥤|10
8298363286|71447628|🍔|10
8298363286|71447628|🍕|10
8298363286|71447628|🧋|10
8298363286|71447629|🍫|30
8298363286|71447629|☕|30
8298363286|71447629|🍿|30
8298363286|71447629|🍦|30
8298363286|71447629|🥤|20
8298363286|71447629|🍔|20
8298363286|71447629|🍕|10
8298363286|71447642|🍫|10
8298363286|71447642|☕|10
8298363286|71447642|🍿|10
8298363286|71447642|🧋|10
8298363286|71447642|🍦|10
8298363286|71447642|🥤|10
8298363286|71447642|🍕|10
8298363286|71447642|🍔|10
8298363286|71447659|🧋|20
8298363286|71447659|🍫|20
8298363286|71447659|☕|20
8298363286|71447659|🍿|20
8298363286|71447659|🍦|20
8298363286|71447659|🥤|20
8298363286|71447659|🍔|20
8298363286|71447659|🍕|20
8298363286|71447661|🍦|10
8298363286|71447661|🥤|10
8298363286|71447661|🍔|10
8298363286|71447661|🍕|10
8298363286|71447661|🧋|10
8298363286|71447661|🍫|20
8298363286|71447661|☕|20
8298363286|71447661|🍿|20
8298363286|71447666|🍫|100
8298363286|71447666|☕|100
8298363286|71447666|🍿|100
8298363286|71447666|🧋|100
8298363286|71447666|🍦|100
8298363286|71447666|🥤|100
8298363286|71447666|🍔|100
8298363286|71447666|🍕|100
8298363286|71447667|🍫|110
8298363286|71447667|☕|110
8298363286|71447667|🍿|110
8298363286|71447667|🍦|100
8298363286|71447667|🥤|100
8298363286|71447667|🍔|100
8298363286|71447667|🍕|100
8298363286|71447667|🧋|100
